1.000000000000000000e+00
1.000000000000000000e+00
1.000000000000000000e+00
1.000000000000000000e+00
1.000000000000000000e+00
1.000000000000000000e+00
1.000000000000000000e+00
1.000000000000000000e+00
1.000000000000000000e+00
1.000000000000000000e+00
1.000000000000000000e+00
1.000000000000000000e+00
1.000000000000000000e+00
1.000000000000000000e+00
1.000000000000000000e+00
1.000000000000000000e+00
1.000000000000000000e+00
1.000000000000000000e+00
1.000000000000000000e+00
1.000000000000000000e+00
1.000000000000000000e+00
1.000000000000000000e+00
1.000000000000000000e+00
1.000000000000000000e+00
1.000000000000000000e+00
1.000000000000000000e+00
1.000000000000000000e+00
1.000000000000000000e+00
1.000000000000000000e+00
1.000000000000000000e+00
1.000000000000000000e+00
1.000000000000000000e+00
1.000000000000000000e+00
1.000000000000000000e+00
1.000000000000000000e+00
1.000000000000000000e+00
1.000000000000000000e+00
1.000000000000000000e+00
1.000000000000000000e+00
1.000000000000000000e+00
1.000000000000000000e+00
1.000000000000000000e+00
1.000000000000000000e+00
1.000000000000000000e+00
1.000000000000000000e+00
1.000000000000000000e+00
1.000000000000000000e+00
1.000000000000000000e+00
1.000000000000000000e+00
1.000000000000000000e+00
1.000000000000000000e+00
1.000000000000000000e+00
1.000000000000000000e+00
1.000000000000000000e+00
1.000000000000000000e+00
1.000000000000000000e+00
1.000000000000000000e+00
1.000000000000000000e+00
9.980650018184080707e-01
9.934740942862350099e-01
9.885696679811957210e-01
9.826602593514137673e-01
9.755483474114944320e-01
9.667993999518842418e-01
9.568227576506891374e-01
9.455187239954996326e-01
9.328999606976221548e-01
9.190072909716369143e-01
9.037868038376297708e-01
8.871560986856662501e-01
8.690545453996652014e-01
8.493276142449207589e-01
8.277076019089761871e-01
8.037439492171946087e-01
7.766143821555286930e-01
7.444447043204250880e-01
7.028438559648708672e-01
6.556869643285588856e-01
7.350413985282422402e-01
1.076145814892110364e+00
7.635666030191435860e-01
1.987277567955556268e-01
-2.857970285848747238e+00
1.113330279840763826e+00
