-2.200000000000000000e+01 -3.977620060257720969e+00
-2.150000000000000000e+01 -3.272795342128078211e+00
-2.100000000000000000e+01 -2.768193153779245019e+00
-2.050000000000000000e+01 -2.395591671593814365e+00
-2.000000000000000000e+01 -2.111583088797670982e+00
-1.950000000000000000e+01 -1.888142191919398138e+00
-1.900000000000000000e+01 -1.706960814785541292e+00
-1.850000000000000000e+01 -1.555896618273126863e+00
-1.800000000000000000e+01 -1.426737981785468401e+00
-1.750000000000000000e+01 -1.313870374429634724e+00
-1.700000000000000000e+01 -1.213345405732681126e+00
