1.000000000000000000e+00
1.000000000000000000e+00
1.000000000000000000e+00
1.000000000000000000e+00
1.000000000000000000e+00
1.000000000000000000e+00
1.000000000000000000e+00
1.000000000000000000e+00
1.000000000000000000e+00
1.000000000000000000e+00
1.000000000000000000e+00
1.000000000000000000e+00
1.000000000000000000e+00
1.000000000000000000e+00
1.000000000000000000e+00
1.000000000000000000e+00
1.000000000000000000e+00
1.000000000000000000e+00
1.000000000000000000e+00
1.000000000000000000e+00
1.000000000000000000e+00
1.000000000000000000e+00
1.000000000000000000e+00
1.000000000000000000e+00
1.000000000000000000e+00
1.000000000000000000e+00
1.000000000000000000e+00
1.000000000000000000e+00
1.000000000000000000e+00
1.000000000000000000e+00
1.000000000000000000e+00
1.000000000000000000e+00
1.000000000000000000e+00
1.000000000000000000e+00
1.000000000000000000e+00
1.000000000000000000e+00
1.000000000000000000e+00
1.000000000000000000e+00
1.000000000000000000e+00
1.000000000000000000e+00
1.000000000000000000e+00
1.000000000000000000e+00
1.000000000000000000e+00
1.000000000000000000e+00
1.000000000000000000e+00
1.000000000000000000e+00
1.000000000000000000e+00
1.000000000000000000e+00
1.000000000000000000e+00
1.000000000000000000e+00
1.000000000000000000e+00
1.000000000000000000e+00
1.000000000000000000e+00
1.000000000000000000e+00
1.000000000000000000e+00
1.000000000000000000e+00
1.000000000000000000e+00
1.000000000000000000e+00
9.968366167185870319e-01
9.904955157610967342e-01
9.849812143712880497e-01
9.793539595675758713e-01
9.729443540110144228e-01
9.651144400227642528e-01
9.559093991514843180e-01
9.452397692142505692e-01
9.331347117516514134e-01
9.196389940076251657e-01
9.047229744616285263e-01
8.883214433153796552e-01
8.703686146097154852e-01
8.507196912920295118e-01
8.291235062797854827e-01
8.051448303736008505e-01
7.779580747930484597e-01
7.457201489052507348e-01
7.049803232229724381e-01
6.650101296527300976e-01
7.487662387510386486e-01
1.020613588632848900e+00
7.529408553593032183e-01
2.212243079421086500e-01
-2.257475658835113919e+00
1.141144319967159371e+00
