-2.200000000000000000e+01 -3.959604633171056598e+00
-2.150000000000000000e+01 -3.265054173370937285e+00
-2.100000000000000000e+01 -2.767175647368413038e+00
-2.050000000000000000e+01 -2.399050434515608732e+00
-2.000000000000000000e+01 -2.118076371598264007e+00
-1.950000000000000000e+01 -1.896732753924083026e+00
-1.900000000000000000e+01 -1.717032258585373672e+00
-1.850000000000000000e+01 -1.567034782602874321e+00
-1.800000000000000000e+01 -1.438661853806648683e+00
-1.750000000000000000e+01 -1.326384644861332118e+00
-1.700000000000000000e+01 -1.226311440679323850e+00
