-2.200000000000000000e+01 -3.977620066063494608e+00
-2.150000000000000000e+01 -3.272795344649090943e+00
-2.100000000000000000e+01 -2.768193154151315394e+00
-2.050000000000000000e+01 -2.395591670535827777e+00
-2.000000000000000000e+01 -2.111583086770581819e+00
-1.950000000000000000e+01 -1.888142189222811407e+00
-1.900000000000000000e+01 -1.706960811616441642e+00
-1.850000000000000000e+01 -1.555896614763788044e+00
-1.800000000000000000e+01 -1.426737978025656162e+00
-1.750000000000000000e+01 -1.313870370481689198e+00
-1.700000000000000000e+01 -1.213345401640823162e+00
